,Seed,Year of simulation,Herbivore,Carnivore,Total animals
0,123456,1,806,0,806
1,123456,2,835,0,835
2,123456,3,851,0,851
3,123456,4,865,0,865
4,123456,5,929,0,929
5,123456,6,989,0,989
6,123456,7,1050,0,1050
7,123456,8,1153,0,1153
8,123456,9,1266,0,1266
9,123456,10,1398,0,1398
10,123456,11,1546,0,1546
11,123456,12,1711,0,1711
12,123456,13,1891,0,1891
13,123456,14,2132,0,2132
14,123456,15,2350,0,2350
15,123456,16,2658,0,2658
16,123456,17,2936,0,2936
17,123456,18,3304,0,3304
18,123456,19,3672,0,3672
19,123456,20,4117,0,4117
20,123456,21,4582,0,4582
21,123456,22,5054,0,5054
22,123456,23,5663,0,5663
23,123456,24,6238,0,6238
24,123456,25,6965,0,6965
25,123456,26,7632,0,7632
26,123456,27,8266,0,8266
27,123456,28,9003,0,9003
28,123456,29,9726,0,9726
29,123456,30,10480,0,10480
30,123456,31,11251,0,11251
31,123456,32,11978,0,11978
32,123456,33,12810,0,12810
33,123456,34,13538,0,13538
34,123456,35,14284,0,14284
35,123456,36,14996,0,14996
36,123456,37,15718,0,15718
37,123456,38,16475,0,16475
38,123456,39,17224,0,17224
39,123456,40,17897,0,17897
40,123456,41,18445,0,18445
41,123456,42,18941,0,18941
42,123456,43,19496,0,19496
43,123456,44,20037,0,20037
44,123456,45,20497,0,20497
45,123456,46,20889,0,20889
46,123456,47,21192,0,21192
47,123456,48,21569,0,21569
48,123456,49,21733,0,21733
49,123456,50,21994,0,21994
50,123456,51,22181,645,22826
51,123456,52,21521,967,22488
52,123456,53,20740,1315,22055
53,123456,54,20060,1699,21759
54,123456,55,19364,2183,21547
55,123456,56,18582,2695,21277
56,123456,57,17816,3248,21064
57,123456,58,17052,3782,20834
58,123456,59,16615,4344,20959
59,123456,60,15850,4909,20759
60,123456,61,15202,5435,20637
61,123456,62,14779,6079,20858
62,123456,63,14201,6587,20788
63,123456,64,13732,7106,20838
64,123456,65,13242,7692,20934
65,123456,66,12576,8219,20795
66,123456,67,12156,8677,20833
67,123456,68,11703,9088,20791
68,123456,69,11283,9544,20827
69,123456,70,11033,9876,20909
70,123456,71,10629,10150,20779
71,123456,72,10195,10377,20572
72,123456,73,9792,10556,20348
73,123456,74,9406,10813,20219
74,123456,75,9029,11003,20032
75,123456,76,8656,11093,19749
76,123456,77,8351,11072,19423
77,123456,78,8082,10929,19011
78,123456,79,7923,10878,18801
79,123456,80,7653,10829,18482
80,123456,81,7414,10678,18092
81,123456,82,7334,10464,17798
82,123456,83,7121,10308,17429
83,123456,84,6967,10117,17084
84,123456,85,6931,9859,16790
85,123456,86,6781,9591,16372
86,123456,87,6718,9300,16018
87,123456,88,6716,9102,15818
88,123456,89,6658,8799,15457
89,123456,90,6624,8569,15193
90,123456,91,6695,8294,14989
91,123456,92,6706,8059,14765
92,123456,93,6796,7775,14571
93,123456,94,6878,7498,14376
94,123456,95,7000,7304,14304
95,123456,96,7089,7098,14187
96,123456,97,7254,6889,14143
97,123456,98,7397,6682,14079
98,123456,99,7506,6479,13985
99,123456,100,7614,6355,13969
100,123456,101,7783,6212,13995
101,123456,102,7966,6095,14061
102,123456,103,8103,6028,14131
103,123456,104,8293,5997,14290
104,123456,105,8499,5953,14452
105,123456,106,8635,5897,14532
106,123456,107,8860,5858,14718
107,123456,108,9052,5866,14918
108,123456,109,9188,5880,15068
109,123456,110,9422,5919,15341
110,123456,111,9523,5931,15454
111,123456,112,9751,5986,15737
112,123456,113,9911,5984,15895
113,123456,114,10023,6032,16055
114,123456,115,10150,6132,16282
115,123456,116,10151,6226,16377
116,123456,117,10275,6281,16556
117,123456,118,10410,6357,16767
118,123456,119,10533,6471,17004
119,123456,120,10665,6551,17216
120,123456,121,10708,6623,17331
121,123456,122,10890,6668,17558
122,123456,123,11120,6784,17904
123,123456,124,11233,6755,17988
124,123456,125,11329,6760,18089
125,123456,126,11416,6736,18152
126,123456,127,11479,6748,18227
127,123456,128,11522,6728,18250
128,123456,129,11553,6814,18367
129,123456,130,11463,6920,18383
130,123456,131,11497,7027,18524
131,123456,132,11552,7118,18670
132,123456,133,11591,7221,18812
133,123456,134,11588,7250,18838
134,123456,135,11491,7315,18806
135,123456,136,11424,7389,18813
136,123456,137,11427,7440,18867
137,123456,138,11347,7517,18864
138,123456,139,11187,7635,18822
139,123456,140,11091,7739,18830
140,123456,141,11017,7759,18776
141,123456,142,10903,7914,18817
142,123456,143,10844,8035,18879
143,123456,144,10739,8112,18851
144,123456,145,10698,8201,18899
145,123456,146,10475,8339,18814
146,123456,147,10388,8506,18894
147,123456,148,10304,8648,18952
148,123456,149,10173,8743,18916
149,123456,150,9961,8877,18838
150,123456,151,9814,8890,18704
151,123456,152,9681,8950,18631
152,123456,153,9526,9006,18532
153,123456,154,9318,8993,18311
154,123456,155,9244,8950,18194
155,123456,156,9150,8920,18070
156,123456,157,8961,8939,17900
157,123456,158,8940,8924,17864
158,123456,159,8805,8898,17703
159,123456,160,8715,8914,17629
160,123456,161,8543,8853,17396
161,123456,162,8571,8779,17350
162,123456,163,8522,8689,17211
163,123456,164,8567,8604,17171
164,123456,165,8471,8537,17008
165,123456,166,8399,8461,16860
166,123456,167,8498,8389,16887
167,123456,168,8479,8303,16782
168,123456,169,8539,8216,16755
169,123456,170,8491,8119,16610
170,123456,171,8491,8049,16540
171,123456,172,8458,8019,16477
172,123456,173,8437,7916,16353
173,123456,174,8525,7884,16409
174,123456,175,8572,7753,16325
175,123456,176,8536,7679,16215
176,123456,177,8594,7555,16149
177,123456,178,8607,7534,16141
178,123456,179,8610,7466,16076
179,123456,180,8649,7453,16102
180,123456,181,8737,7418,16155
181,123456,182,8762,7320,16082
182,123456,183,8728,7258,15986
183,123456,184,8773,7198,15971
184,123456,185,8841,7146,15987
185,123456,186,8969,7081,16050
186,123456,187,9039,7036,16075
187,123456,188,9142,6984,16126
188,123456,189,9215,6935,16150
189,123456,190,9277,6898,16175
190,123456,191,9432,6915,16347
191,123456,192,9553,6951,16504
192,123456,193,9568,6929,16497
193,123456,194,9684,6859,16543
194,123456,195,9804,6843,16647
195,123456,196,9850,6862,16712
196,123456,197,9913,6840,16753
197,123456,198,9960,6883,16843
198,123456,199,10126,6858,16984
199,123456,200,10145,6871,17016
200,123456,201,10227,6864,17091
201,123456,202,10407,6890,17297
202,123456,203,10537,6962,17499
203,123456,204,10585,6945,17530
204,123456,205,10550,6985,17535
205,123456,206,10621,7017,17638
206,123456,207,10656,7023,17679
207,123456,208,10689,7131,17820
208,123456,209,10683,7252,17935
209,123456,210,10669,7260,17929
210,123456,211,10749,7333,18082
211,123456,212,10708,7438,18146
212,123456,213,10631,7532,18163
213,123456,214,10654,7540,18194
214,123456,215,10504,7574,18078
215,123456,216,10457,7613,18070
216,123456,217,10473,7674,18147
217,123456,218,10406,7754,18160
218,123456,219,10412,7849,18261
219,123456,220,10351,7902,18253
220,123456,221,10343,7962,18305
221,123456,222,10296,8020,18316
222,123456,223,10305,8145,18450
223,123456,224,10223,8153,18376
224,123456,225,10148,8213,18361
225,123456,226,10132,8211,18343
226,123456,227,10088,8253,18341
227,123456,228,9969,8261,18230
228,123456,229,9920,8254,18174
229,123456,230,9975,8320,18295
230,123456,231,9891,8427,18318
231,123456,232,9819,8476,18295
232,123456,233,9824,8542,18366
233,123456,234,9725,8535,18260
234,123456,235,9545,8505,18050
235,123456,236,9632,8486,18118
236,123456,237,9487,8514,18001
237,123456,238,9420,8492,17912
238,123456,239,9270,8526,17796
239,123456,240,9232,8469,17701
240,123456,241,9091,8468,17559
241,123456,242,9154,8420,17574
242,123456,243,9037,8367,17404
243,123456,244,9075,8338,17413
244,123456,245,9041,8330,17371
245,123456,246,9023,8257,17280
246,123456,247,9061,8253,17314
247,123456,248,9038,8218,17256
248,123456,249,9019,8170,17189
249,123456,250,9016,8090,17106
